3.400000000000000000e+01
3.200000000000000000e+01
2.000000000000000000e+01
1.100000000000000000e+01
9.800000000000000000e+01
9.300000000000000000e+01
3.600000000000000000e+01
9.500000000000000000e+01
2.500000000000000000e+01
7.100000000000000000e+01
9.500000000000000000e+01
1.300000000000000000e+01
4.100000000000000000e+01
1.200000000000000000e+01
4.200000000000000000e+01
5.700000000000000000e+01
3.200000000000000000e+01
6.400000000000000000e+01
1.700000000000000000e+01
5.800000000000000000e+01
